voxSize = [128;64;128];
voxUnit = 0.04;
camK = [517.97,0,320;0,517.97,240;0,0,1];
im_w = 640; 
im_h = 480;